0001010000000100
0001000000000000
0001000100000001
0010100100001011
0001010000000100
0001000000000000
0001000100000001
0010100100001011
0010011000001011
0000000000000110
0010100000001011
0111000000000100
1000100000001010
0111100000000100
0001010000000100
0001000000000000
0001000100000001
0010100100001011
0010011000001011
0000000000000110
0010100000001011
0111000000000100
1000100000001010
0111100000000100
1001100000000000
0000000000000110
0010100000001011
0111000000000100
1000100000001010
0111100000000100
1001100000000000
