00000000 0000000000000000 0000000000000000 0000000000000000 0000000000000000 0000000000000000 0000000000000000 0000000000000000 0000000000000000
00000001 0000000000000000 0000000000000010 0000000000000000 0000000000000000 0000000000000000 0000000000000000 0000000000000000 0000000000000000
00000010 0000000000000000 0000000000000010 0000000000001010 0000000000000000 0000000000000000 0000000000000000 0000000000000000 0000000000000000
00000011 0000000000000000 0000000000000010 0000000000001010 0000000000000001 0000000000000000 0000000000000000 0000000000000000 0000000000000000
00000100 0000000000000000 0000000000000010 0000000000001010 0000000000000001 0000000000000000 0000000000000000 0000000000000000 0000000000000000
00000101 0000000000001010 0000000000000010 0000000000001010 0000000000000001 0000000000000000 0000000000000000 0000000000000000 0000000000000000
00000110 0000000000001010 0000000000000001 0000000000001010 0000000000000001 0000000000000000 0000000000000000 0000000000000000 0000000000000000
00000111 0000000000001010 0000000000000001 0000000000001010 0000000000000001 0000000000000000 0000000000000000 0000000000000000 0000000000000010
00001000 0000000000001010 0000000000000001 0000000000001010 0000000000000001 0000000000000000 0000000000000000 0000000000000000 0000000000000000
00001001 0000000000001010 0000000000000001 0000000000001010 0000000000000001 0000000000000000 0000000000000000 0000000000000000 0000000000000000
00000101 0000000000010100 0000000000000001 0000000000001010 0000000000000001 0000000000000000 0000000000000000 0000000000000000 0000000000000000
00000110 0000000000010100 0000000000000000 0000000000001010 0000000000000001 0000000000000000 0000000000000000 0000000000000000 0000000000000000
00000111 0000000000010100 0000000000000000 0000000000001010 0000000000000001 0000000000000000 0000000000000000 0000000000000000 0000000000000001
00001000 0000000000010100 0000000000000000 0000000000001010 0000000000000001 0000000000000000 0000000000000000 0000000000000000 0000000000000000
00001010 0000000000010100 0000000000000000 0000000000001010 0000000000000001 0000000000000000 0000000000000000 0000000000000000 0000000000000000
0001000000000000
0001000100000010
0001001000001010
0001001100000001
0001011000000000
0000000000000010
0000100001001011
0111000000001110
1001000000001010
0111100000000101
1001100000000000
0000000000000000
0000000000000000
0000000000000000
0000000000000000
0000000000000000
0000000000000000
0000000000000000
0000000000000000
0000000000000000
0000000000000000
0000000000000000
0000000000000000
0000000000000000
0000000000000000
0000000000000000
0000000000000000
0000000000000000
0000000000000000
0000000000000000
0000000000000000
0000000000000000
0000000000000000
0000000000000000
0000000000000000
0000000000000000
0000000000000000
0000000000000000
0000000000000000
0000000000000000
0000000000000000
0000000000000000
0000000000000000
0000000000000000
0000000000000000
0000000000000000
0000000000000000
0000000000000000
0000000000000000
0000000000000000
0000000000000000
0000000000000000
0000000000000000
0000000000000000
0000000000000000
0000000000000000
0000000000000000
0000000000000000
0000000000000000
0000000000000000
0000000000000000
0000000000000000
0000000000000000
0000000000000000
0000000000000000
0000000000000000
0000000000000000
0000000000000000
0000000000000000
0000000000000000
0000000000000000
0000000000000000
0000000000000000
0000000000000000
0000000000000000
0000000000000000
0000000000000000
0000000000000000
0000000000000000
0000000000000000
0000000000000000
0000000000000000
0000000000000000
0000000000000000
0000000000000000
0000000000000000
0000000000000000
0000000000000000
0000000000000000
0000000000000000
0000000000000000
0000000000000000
0000000000000000
0000000000000000
0000000000000000
0000000000000000
0000000000000000
0000000000000000
0000000000000000
0000000000000000
0000000000000000
0000000000000000
0000000000000000
0000000000000000
0000000000000000
0000000000000000
0000000000000000
0000000000000000
0000000000000000
0000000000000000
0000000000000000
0000000000000000
0000000000000000
0000000000000000
0000000000000000
0000000000000000
0000000000000000
0000000000000000
0000000000000000
0000000000000000
0000000000000000
0000000000000000
0000000000000000
0000000000000000
0000000000000000
0000000000000000
0000000000000000
0000000000000000
0000000000000000
0000000000000000
0000000000000000
0000000000000000
0000000000000000
0000000000000000
0000000000000000
0000000000000000
0000000000000000
0000000000000000
0000000000000000
0000000000000000
0000000000000000
0000000000000000
0000000000000000
0000000000000000
0000000000000000
0000000000000000
0000000000000000
0000000000000000
0000000000000000
0000000000000000
0000000000000000
0000000000000000
0000000000000000
0000000000000000
0000000000000000
0000000000000000
0000000000000000
0000000000000000
0000000000000000
0000000000000000
0000000000000000
0000000000000000
0000000000000000
0000000000000000
0000000000000000
0000000000000000
0000000000000000
0000000000000000
0000000000000000
0000000000000000
0000000000000000
0000000000000000
0000000000000000
0000000000000000
0000000000000000
0000000000000000
0000000000000000
0000000000000000
0000000000000000
0000000000000000
0000000000000000
0000000000000000
0000000000000000
0000000000000000
0000000000000000
0000000000000000
0000000000000000
0000000000000000
0000000000000000
0000000000000000
0000000000000000
0000000000000000
0000000000000000
0000000000000000
0000000000000000
0000000000000000
0000000000000000
0000000000000000
0000000000000000
0000000000000000
0000000000000000
0000000000000000
0000000000000000
0000000000000000
0000000000000000
0000000000000000
0000000000000000
0000000000000000
0000000000000000
0000000000000000
0000000000000000
0000000000000000
0000000000000000
0000000000000000
0000000000000000
0000000000000000
0000000000000000
0000000000000000
0000000000000000
0000000000000000
0000000000000000
0000000000000000
0000000000000000
0000000000000000
0000000000000000
0000000000000000
0000000000000000
0000000000000000
0000000000000000
0000000000000000
0000000000000000
0000000000000000
0000000000000000
0000000000000000
0000000000000000
0000000000000000
0000000000000000
0000000000000000
0000000000000000
0000000000000000
0000000000000000
0000000000000000
0000000000000000
0000000000000000
0000000000000000
0000000000000000
0000000000000000
0000000000000000
0000000000000000
0000000000000000
0000000000000000
0000000000000000
0000000000000000
0000000000000000
0000000000000000
0000000000000000
