00000000 0000000000001010 0000000000000000 0000000000000000 0000000000000000 0000000000000000 0000000000000000 0000000000000000 0000000000000000
00000001 0000000000001010 0000000000000101 0000000000000000 0000000000000000 0000000000000000 0000000000000000 0000000000000000 0000000000000000
00000010 0000000000001010 0000000000000101 0000000000000001 0000000000000000 0000000000000000 0000000000000000 0000000000000000 0000000000000000
00000011 0000000000001010 0000000000000101 0000000000000001 0000000000000000 0000000000000000 0000000000000000 0000000000000000 0000000000000000
00000100 0000000000001010 0000000000000101 0000000000000001 0000000000000000 0000000000000000 0000000000000000 0000000000000000 0000000000000000
00000101 0000000000001010 0000000000000101 0000000000000001 0000000000000000 0000000000000000 0000000000000000 0000000000000000 0000000000000010
00000110 0000000000001010 0000000000000101 0000000000000001 0000000000000000 0000000000000000 0000000000000000 0000000000000000 0000000000000000
00000111 0000000000001010 0000000000000101 0000000000000001 0000000000000000 0000000000000000 0000000000000000 0000000000000000 0000000000000010
00001000 0000000000001010 0000000000000101 0000000000000001 0000000000000000 0000000000000000 0000000000000000 0000000000000000 0000000000000000
00001001 0000000000001010 0000000000000101 0000000000000001 0000000000000000 0000000000000000 0000000000000000 0000000000000000 0000000000000000
00001010 0000000000001010 0000000000000101 0000000000000001 0000000000000000 0000000000000000 0000000000000000 0000000000000000 0000000000000010
00001011 0000000000001010 0000000000000101 0000000000000001 0000000000000000 0000000000000000 0000000000000000 0000000000000000 0000000000000000
00001100 0000000000001010 0000000000000101 0000000000000001 0000000000001010 0000000000000000 0000000000000000 0000000000000000 0000000000000000
00001101 0000000000001010 0000000000000100 0000000000000001 0000000000001010 0000000000000000 0000000000000000 0000000000000000 0000000000000000
00001110 0000000000001010 0000000000000100 0000000000000001 0000000000001010 0000000000000000 0000000000000000 0000000000000000 0000000000000010
00001111 0000000000001010 0000000000000100 0000000000000001 0000000000001010 0000000000000000 0000000000000000 0000000000000000 0000000000000000
00001010 0000000000001010 0000000000000100 0000000000000001 0000000000001010 0000000000000000 0000000000000000 0000000000000000 0000000000000010
00001011 0000000000001010 0000000000000100 0000000000000001 0000000000001010 0000000000000000 0000000000000000 0000000000000000 0000000000000000
00001100 0000000000001010 0000000000000100 0000000000000001 0000000000010100 0000000000000000 0000000000000000 0000000000000000 0000000000000000
00001101 0000000000001010 0000000000000011 0000000000000001 0000000000010100 0000000000000000 0000000000000000 0000000000000000 0000000000000000
00001110 0000000000001010 0000000000000011 0000000000000001 0000000000010100 0000000000000000 0000000000000000 0000000000000000 0000000000000010
00001111 0000000000001010 0000000000000011 0000000000000001 0000000000010100 0000000000000000 0000000000000000 0000000000000000 0000000000000000
00001010 0000000000001010 0000000000000011 0000000000000001 0000000000010100 0000000000000000 0000000000000000 0000000000000000 0000000000000010
00001011 0000000000001010 0000000000000011 0000000000000001 0000000000010100 0000000000000000 0000000000000000 0000000000000000 0000000000000000
00001100 0000000000001010 0000000000000011 0000000000000001 0000000000011110 0000000000000000 0000000000000000 0000000000000000 0000000000000000
00001101 0000000000001010 0000000000000010 0000000000000001 0000000000011110 0000000000000000 0000000000000000 0000000000000000 0000000000000000
00001110 0000000000001010 0000000000000010 0000000000000001 0000000000011110 0000000000000000 0000000000000000 0000000000000000 0000000000000010
00001111 0000000000001010 0000000000000010 0000000000000001 0000000000011110 0000000000000000 0000000000000000 0000000000000000 0000000000000000
00001010 0000000000001010 0000000000000010 0000000000000001 0000000000011110 0000000000000000 0000000000000000 0000000000000000 0000000000000010
00001011 0000000000001010 0000000000000010 0000000000000001 0000000000011110 0000000000000000 0000000000000000 0000000000000000 0000000000000000
00001100 0000000000001010 0000000000000010 0000000000000001 0000000000101000 0000000000000000 0000000000000000 0000000000000000 0000000000000000
00001101 0000000000001010 0000000000000001 0000000000000001 0000000000101000 0000000000000000 0000000000000000 0000000000000000 0000000000000000
00001110 0000000000001010 0000000000000001 0000000000000001 0000000000101000 0000000000000000 0000000000000000 0000000000000000 0000000000000010
00001111 0000000000001010 0000000000000001 0000000000000001 0000000000101000 0000000000000000 0000000000000000 0000000000000000 0000000000000000
00001010 0000000000001010 0000000000000001 0000000000000001 0000000000101000 0000000000000000 0000000000000000 0000000000000000 0000000000000010
00001011 0000000000001010 0000000000000001 0000000000000001 0000000000101000 0000000000000000 0000000000000000 0000000000000000 0000000000000000
00001100 0000000000001010 0000000000000001 0000000000000001 0000000000110010 0000000000000000 0000000000000000 0000000000000000 0000000000000000
00001101 0000000000001010 0000000000000000 0000000000000001 0000000000110010 0000000000000000 0000000000000000 0000000000000000 0000000000000000
00001110 0000000000001010 0000000000000000 0000000000000001 0000000000110010 0000000000000000 0000000000000000 0000000000000000 0000000000000010
00001111 0000000000001010 0000000000000000 0000000000000001 0000000000110010 0000000000000000 0000000000000000 0000000000000000 0000000000000000
00001010 0000000000001010 0000000000000000 0000000000000001 0000000000110010 0000000000000000 0000000000000000 0000000000000000 0000000000000001
00001011 0000000000001010 0000000000000000 0000000000000001 0000000000110010 0000000000000000 0000000000000000 0000000000000000 0000000000000000
00010000 0000000000001010 0000000000000000 0000000000000001 0000000000110010 0000000000000000 0000000000000000 0000000000000000 0000000000000000
0001000000001010
0001000100000101
0001001000000001
0001001100000000
0001011000000000
0111000000000110
1001000000010000
0111000000001110
1001000000010000
0111100000001010
0111000000001110
1001000000010000
0000000011011000
0000100001001010
0111000000010110
1000100000001010
1001100000000000
0000000000000000
0000000000000000
0000000000000000
0000000000000000
0000000000000000
0000000000000000
0000000000000000
0000000000000000
0000000000000000
0000000000000000
0000000000000000
0000000000000000
0000000000000000
0000000000000000
0000000000000000
0000000000000000
0000000000000000
0000000000000000
0000000000000000
0000000000000000
0000000000000000
0000000000000000
0000000000000000
0000000000000000
0000000000000000
0000000000000000
0000000000000000
0000000000000000
0000000000000000
0000000000000000
0000000000000000
0000000000000000
0000000000000000
0000000000000000
0000000000000000
0000000000000000
0000000000000000
0000000000000000
0000000000000000
0000000000000000
0000000000000000
0000000000000000
0000000000000000
0000000000000000
0000000000000000
0000000000000000
0000000000000000
0000000000000000
0000000000000000
0000000000000000
0000000000000000
0000000000000000
0000000000000000
0000000000000000
0000000000000000
0000000000000000
0000000000000000
0000000000000000
0000000000000000
0000000000000000
0000000000000000
0000000000000000
0000000000000000
0000000000000000
0000000000000000
0000000000000000
0000000000000000
0000000000000000
0000000000000000
0000000000000000
0000000000000000
0000000000000000
0000000000000000
0000000000000000
0000000000000000
0000000000000000
0000000000000000
0000000000000000
0000000000000000
0000000000000000
0000000000000000
0000000000000000
0000000000000000
0000000000000000
0000000000000000
0000000000000000
0000000000000000
0000000000000000
0000000000000000
0000000000000000
0000000000000000
0000000000000000
0000000000000000
0000000000000000
0000000000000000
0000000000000000
0000000000000000
0000000000000000
0000000000000000
0000000000000000
0000000000000000
0000000000000000
0000000000000000
0000000000000000
0000000000000000
0000000000000000
0000000000000000
0000000000000000
0000000000000000
0000000000000000
0000000000000000
0000000000000000
0000000000000000
0000000000000000
0000000000000000
0000000000000000
0000000000000000
0000000000000000
0000000000000000
0000000000000000
0000000000000000
0000000000000000
0000000000000000
0000000000000000
0000000000000000
0000000000000000
0000000000000000
0000000000000000
0000000000000000
0000000000000000
0000000000000000
0000000000000000
0000000000000000
0000000000000000
0000000000000000
0000000000000000
0000000000000000
0000000000000000
0000000000000000
0000000000000000
0000000000000000
0000000000000000
0000000000000000
0000000000000000
0000000000000000
0000000000000000
0000000000000000
0000000000000000
0000000000000000
0000000000000000
0000000000000000
0000000000000000
0000000000000000
0000000000000000
0000000000000000
0000000000000000
0000000000000000
0000000000000000
0000000000000000
0000000000000000
0000000000000000
0000000000000000
0000000000000000
0000000000000000
0000000000000000
0000000000000000
0000000000000000
0000000000000000
0000000000000000
0000000000000000
0000000000000000
0000000000000000
0000000000000000
0000000000000000
0000000000000000
0000000000000000
0000000000000000
0000000000000000
0000000000000000
0000000000000000
0000000000000000
0000000000000000
0000000000000000
0000000000000000
0000000000000000
0000000000000000
0000000000000000
0000000000000000
0000000000000000
0000000000000000
0000000000000000
0000000000000000
0000000000000000
0000000000000000
0000000000000000
0000000000000000
0000000000000000
0000000000000000
0000000000000000
0000000000000000
0000000000000000
0000000000000000
0000000000000000
0000000000000000
0000000000000000
0000000000000000
0000000000000000
0000000000000000
0000000000000000
0000000000000000
0000000000000000
0000000000000000
0000000000000000
0000000000000000
0000000000000000
0000000000000000
0000000000000000
0000000000000000
0000000000000000
0000000000000000
0000000000000000
0000000000000000
0000000000000000
0000000000000000
0000000000000000
0000000000000000
0000000000000000
0000000000000000
0000000000000000
0000000000000000
0000000000000000
0000000000000000
0000000000000000
0000000000000000
0000000000000000
0000000000000000
0000000000000000
0000000000000000
0000000000000000
