00000000 0000000011111010 0000000000000000 0000000000000000 0000000000000000 0000000000000000 0000000000000000 0000000000000000 0000000000000000
00000001 0000000011111010 0000000001100100 0000000000000000 0000000000000000 0000000000000000 0000000000000000 0000000000000000 0000000000000000
00000010 0000000011111010 0000000001100100 0000000000000000 0000000000000001 0000000000000000 0000000000000000 0000000000000000 0000000000000000
00000011 0110000110101000 0000000001100100 0000000000000000 0000000000000001 0000000000000000 0000000000000000 0000000000000000 0000000000000000
00000100 0110000110101000 0000000001100100 0000000000000000 0000000000000001 0000000000000000 0000000000000000 0000000000000000 0000000000000000
00000101 0110000110101000 0000000001100100 0000000000000000 0000000000000001 0000000000000000 0000000000000000 0000000000000000 0000000000000000
00000110 0110000110101000 0000000001100100 0000000000000000 0000000000000001 0000000000000000 0110000110101000 0000000000000000 0000000000000000
00000111 0110000110101000 0000000001100100 0000000000000000 0000000000000001 0000000000001010 0110000110101000 0000000000000000 0000000000000000
00001000 0110000110101000 0000000001100100 0000000000000000 0000000000000100 0000000000001010 0110000110101000 0000000000000000 0000000000000000
00001001 0000000000000010 0000000000000010 0000000000000000 0000000000000100 0000000000001010 0110000110101000 0000000000000000 0000000000000000
00001010 0000000000000010 0000000000000010 0000000000000000 0000000000000100 0000000000000010 0110000110101000 0000000000000000 0000000000000000
00001011 0000000000000010 0000000000000010 0000000000000000 0000000000000100 0000000000010000 0110000110101000 0000000000000000 0000000000000000
00001100 0000000000000010 0000000000000010 0000000000000000 0000000000000100 0000000000010000 0110000110101000 0000000000000000 0000000000000100
00001101 0000000000000010 0000000000000010 0000000000000000 0000000000000100 0000000000010000 0110000110101000 0000000000000100 0000000000000000
00001110 0000000000000010 0000000000000010 0000000000000000 0000000000000100 0000000000010000 0110000110101000 0000000000000100 0000000000000000
00001111 0000000000000010 0000000000000010 0000000000000000 0000000000000100 0000000000000000 0110000110101000 0000000000000100 0000000000000000
00010000 0000000000000010 0000000000000010 0000000000000000 0000000000000100 0000000000000000 0110000110101000 0000000000000100 0000000000000000
0001000011111010
0001000101100100
0001001100000001
0011000000000001
0001100000110111
0010100000010001
0010010100010001
0001010000001010
0001001100000100
0011100000100011
0100010000000010
0100110000000011
0111000000011100
0001100000110111
0010111000010011
0010010000010010
1001100000000000
0110000110101000
0000000000000000
0000000000000100
0000000000000000
0000000000000000
0000000000000000
0000000000000000
0000000000000000
0000000000000000
0000000000000000
0000000000000000
0000000000000000
0000000000000000
0000000000000000
0000000000000000
0000000000000000
0000000000000000
0000000000000000
0000000000000000
0000000000000000
0000000000000000
0000000000000000
0000000000000000
0000000000000000
0000000000000000
0000000000000000
0000000000000000
0000000000000000
0000000000000000
0000000000000000
0000000000000000
0000000000000000
0000000000000000
0000000000000000
0000000000000000
0000000000000000
0000000000000000
0000000000000000
0000000000000000
0000000000000000
0000000000000000
0000000000000000
0000000000000000
0000000000000000
0000000000000000
0000000000000000
0000000000000000
0000000000000000
0000000000000000
0000000000000000
0000000000000000
0000000000000000
0000000000000000
0000000000000000
0000000000000000
0000000000000000
0000000000000000
0000000000000000
0000000000000000
0000000000000000
0000000000000000
0000000000000000
0000000000000000
0000000000000000
0000000000000000
0000000000000000
0000000000000000
0000000000000000
0000000000000000
0000000000000000
0000000000000000
0000000000000000
0000000000000000
0000000000000000
0000000000000000
0000000000000000
0000000000000000
0000000000000000
0000000000000000
0000000000000000
0000000000000000
0000000000000000
0000000000000000
0000000000000000
0000000000000000
0000000000000000
0000000000000000
0000000000000000
0000000000000000
0000000000000000
0000000000000000
0000000000000000
0000000000000000
0000000000000000
0000000000000000
0000000000000000
0000000000000000
0000000000000000
0000000000000000
0000000000000000
0000000000000000
0000000000000000
0000000000000000
0000000000000000
0000000000000000
0000000000000000
0000000000000000
0000000000000000
0000000000000000
0000000000000000
0000000000000000
0000000000000000
0000000000000000
0000000000000000
0000000000000000
0000000000000000
0000000000000000
0000000000000000
0000000000000000
0000000000000000
0000000000000000
0000000000000000
0000000000000000
0000000000000000
0000000000000000
0000000000000000
0000000000000000
0000000000000000
0000000000000000
0000000000000000
0000000000000000
0000000000000000
0000000000000000
0000000000000000
0000000000000000
0000000000000000
0000000000000000
0000000000000000
0000000000000000
0000000000000000
0000000000000000
0000000000000000
0000000000000000
0000000000000000
0000000000000000
0000000000000000
0000000000000000
0000000000000000
0000000000000000
0000000000000000
0000000000000000
0000000000000000
0000000000000000
0000000000000000
0000000000000000
0000000000000000
0000000000000000
0000000000000000
0000000000000000
0000000000000000
0000000000000000
0000000000000000
0000000000000000
0000000000000000
0000000000000000
0000000000000000
0000000000000000
0000000000000000
0000000000000000
0000000000000000
0000000000000000
0000000000000000
0000000000000000
0000000000000000
0000000000000000
0000000000000000
0000000000000000
0000000000000000
0000000000000000
0000000000000000
0000000000000000
0000000000000000
0000000000000000
0000000000000000
0000000000000000
0000000000000000
0000000000000000
0000000000000000
0000000000000000
0000000000000000
0000000000000000
0000000000000000
0000000000000000
0000000000000000
0000000000000000
0000000000000000
0000000000000000
0000000000000000
0000000000000000
0000000000000000
0000000000000000
0000000000000000
0000000000000000
0000000000000000
0000000000000000
0000000000000000
0000000000000000
0000000000000000
0000000000000000
0000000000000000
0000000000000000
0000000000000000
0000000000000000
0000000000000000
0000000000000000
0000000000000000
0000000000000000
0000000000000000
0000000000000000
0000000000000000
0000000000000000
0000000000000000
0000000000000000
0000000000000000
0000000000000000
0000000000000000
0000000000000000
0000000000000000
0000000000000000
0000000000000000
0000000000000000
0000000000000000
0000000000000000
0000000000000000
0000000000000000
0000000000000000
0000000000000000
0000000000000000
0000000000000000
